0
1
4
2
4
1
8
8
12
7
13
15
4
25
24
9
3
31
2
25
16
4
29
15
4
23
38
0
24
37
37
58
57
60
2
34
55
13
23
42
52
29
37
12
40
69
0
35
38
69
57
102
37
61
103
75
105
69
12
83
98
85
112
72
77
62
103
22
77
18
58
5
74
19
45
4
57
99
47
86
13
54
99
105
29
94
56
158
84
155
1
28
25
74
114
28
38
16
109
174
137
23
145
159
127
75
7
12
213
10
114
41
123
69
132
100
192
167
119
16
221
148
6
232
19
215
147
103
191
104
99
105
190
188
186
33
123
222
121
46
255
268
213
63
21
196
152
236
214
233
137
147
259
116
239
187
35
214
27
262
124
205
56
93
180
328
322
286
276
67
263
169
91
275
155
268
238
67
6
1
60
206
328
192
95
112
304
178
275
89
88
67
264
343
201
291
172
42
49
323
379
48
353
68
172
8
22
342
185
4
120
395
7
191
277
296
216
53
260
287
429
278
173
394
202
369
133
158
161
18
1
47
165
308
308
111
19
39
195
129
287
193
191
315
237
16
174
127
383
86
379
249
253
27
5
289
97
212
214
138
128
480
18
243
111
166
69
111
294
112
254
394
295
213
98
269
20
203
385
177
383
244
335
71
89
20
464
226
459
515
572
491
321
433
334
525
235
376
20
61
461
344
34
417
201
165
452
601
11
217
432
267
565
515
51
236
224
317
42
164
488
284
365
319
44
257
471
559
430
486
467
457
172
532
47
315
472
162
559
555
118
405
255
669
269
365
191
616
321
642
245
118
573
497
250
658
553
262
28
376
688
32
644
221
40
115
167
580
668
412
393
222
157
158
198
727
695
720
95
116
721
663
549
528
351
162
23
516
68
735
594
650
679
688
368
689
407
179
46
522
325
295
311
401
106
19
581
764
742
493
543
222
161
233
534
124
600
769
363
774
298
100
751
298
297
79
557
139
68
17
234
225
408
234
397
785
275
576
332
81
322
838
585
565
53
42
234
731
598
530
361
305
618
25
622
310
491
97
101
521
40
853
673
267
327
821
337
490
70
456
471
591
870
844
396
703
261
799
671
137
601
823
24
898
77
559
310
369
752
353
850
136
405
225
65
54
798
973
193
150
90
973
115
993
671
1007
890
480
979
313
962
397
152
735
494
528
712
532
695
991
736
906
77
854
635
10
943
160
693
275
368
411
477
1019
883
223
983
786
863
506
179
855
34
628
223
572
397
511
608
739
536
90
213
955
804
489
659
586
497
1019
461
696
694
887
815
855
905
695
728
653
722
85
489
677
476
552
1060
512
947
325
556
1107
345
70
223
974
609
188
1105
138
719
1153
1165
633
25
1016
888
648
1012
67
254
961
744
604
600
16
491
638
1010
866
1046
625
658
1075
859
1094
629
451
949
194
24
543
606
1006
634
392
290
455
11
1002
426
349
194
1104
183
985
1047
685
1006
128
178
521
968
802
698
111
263
1193
441
475
1101
1146
302
804
1072
1038
1115
625
351
531
687
163
153
624
1115
1273
1241
1223
334
352
701
272
798
387
949
998
362
627
754
749
243
180
349
860
179
590
656
1329
755
921
699
1129
795
928
67
190
1106
427
420
1045
594
465
140
424
602
1289
48
1391
701
402
928
424
159
625
721
63
596
248
1158
385
703
772
669
127
267
1009
1448
1300
558
74
163
321
402
758
1379
640
1104
1122
470
955
546
977
1136
1369
63
1058
110
825
1262
25
814
1009
257
642
1181
383
1207
824
1294
456
621
673
73
170
238
208
1119
176
1484
418
501
38
532
322
674
548
692
151
1024
1229
1117
203
1437
139
1523
1128
75
545
964
986
813
239
312
1047
57
1321
252
636
149
1577
471
772
1273
849
454
1264
1437
1226
1414
901
332
984
1332
1116
1372
1352
996
1483
572
1232
403
145
561
553
188
88
239
1132
1369
487
1243
651
587
37
26
198
1171
838
936
1097
562
856
546
940
1202
1079
1324
716
421
1321
551
1021
1475
964
657
84
1708
1142
1680
1390
1580
1076
444
842
220
566
816
359
424
1026
1303
520
1194
467
527
185
1472
1305
1541
1268
474
1630
1360
606
1055
190
505
1141
581
674
412
1127
374
544
131
1187
379
270
908
1370
1625
1237
717
148
645
1624
94
492
1524
989
726
89
1071
553
1658
902
835
762
1
414
1599
545
534
1210
959
1296
824
1225
1594
192
1714
1669
1712
1314
1543
734
1566
1787
1197
1845
524
594
1342
276
883
1214
1149
1503
608
1254
1242
959
377
1330
578
1324
431
226
842
1857
198
1726
1017
1822
841
719
936
548
1791
1622
780
467
686
436
443
619
746
828
633
693
1712
1395
1938
760
733
1312
745
1683
293
990
343
877
0
1692
55
9
1321
31
114
1453
1274
821
458
1607
1882
1531
181
1451
319
1373
424
1353
717
808
570
1818
246
1715
1216
1464
1266
999
1710
250
43
1685
1752
1796
490
1914
1059
1632
1691
1710
4
229
2068
1437
1949
91
1687
1890
376
92
1832
647
1321
1924
298
2008
999
75
1151
322
1812
660
1191
1990
980
1188
1457
948
755
821
2128
1169
1878
1599
673
1945
2016
881
38
913
646
270
1508
471
1871
2076
1203
1214
119
395
347
1777
1481
1931
194
1597
1172
280
174
2090
2039
410
1015
505
1117
1573
1199
1660
751
189
194
1322
38
2181
1340
325
1437
801
39
598
631
483
1786
462
352
76
511
1436
218
2214
1792
1429
1006
1386
845
2059
1066
793
542
668
229
943
1506
1705
1805
2276
1523
44
540
1235
856
442
623
973
1670
427
117
2089
1243
100
1412
809
558
354
1920
666
1411
881
1408
431
615
382
581
958
1144
913
2279
1897
617
439
763
2003
1229
688
175
2357
536
1495
1638
844
939
1209
10
474
1261
1103
2290
666
664
1937
1189
39
77
1366
1456
2245
1078
1753
1572
228
484
384
484
1557
251
2096
1755
1281
2164
2139
1050
1702
1012
488
2189
2296
2010
2133
1544
2277
576
1852
1879
1420
2406
1203
1233
369
2088
1029
1439
1767
1515
1675
1938
618
274
1915
886
671
725
1970
465
1229
114
1264
54
748
108
1182
105
641
1056
84
520
413
180
914
1017
1464
569
704
2319
2001
1259
1375
135
1491
1424
1733
2545
304
550
1673
597
666
1755
1200
1580
1130
2369
72
1410
874
585
89
715
2508
795
2464
274
1323
692
1097
1900
2158
686
1788
1085
57
1619
2371
1592
1121
468
1155
427
765
146
1117
1560
93
1399
2359
613
300
2132
1061
1931
2635
1008
821
1125
2349
1259
1652
1558
60
2611
1593
1171
2291
1496
2029
428
423
2086
436
1433
1095
795
1629
346
2634
1745
1644
1243
1058
1084
802
2577
1622
1273
2339
283
2590
1917
2678
567
1879
2061
1291
166
2427
532
1802
2203
1088
371
867
1313
2165
85
463
1844
595
2449
2176
1550
564
974
2656
1394
1448
1465
2373
754
1196
2209
2412
120
2424
170
1631
2576
2211
1333
2585
1664
767
2159
2525
1156
515
1342
2734
772
63
298
2588
213
1574
2005
2804
2571
1170
106
81
383
123
788
1034
2174
2389
1539
831
856
2690
890
2209
986
1247
1277
1892
556
2650
1876
1559
1505
2276
1009
457
1498
2607
2512
354
724
831
613
435
336
1205
255
2699
542
872
2089
1296
1269
2501
819
371
396
2153
2161
1115
1591
305
2062
596
569
2196
2864
1172
251
1648
2719
884
1428
2910
329
1692
2622
652
2931
2808
2826
2193
1803
2817
1891
995
1125
2379
1628
2839
2103
787
2819
1045
1725
443
399
151
2928
314
506
388
912
2355
450
2303
1261
271
1279
2984
2382
205
1602
2884
2061
2978
168
700
435
1462
676
2198
783
2335
747
2245
1905
698
2488
50
916
3038
371
1029
2303
2549
3031
2036
1475
2942
2042
2150
188
908
908
2732
2163
910
2410
199
2462
656
1273
1968
954
1183
953
2409
101
104
392
2651
337
661
461
233
1606
189
2986
306
748
906
1062
640
2708
287
1712
764
2453
1251
2791
3093
626
1054
2317
2800
2323
2051
2659
3007
303
2353
614
1413
2285
374
644
378
88
2936
971
265
64
1663
2923
2750
1826
2721
48
409
1299
2317
2243
2974
668
2324
30
2587
420
810
166
1478
458
1758
2718
2707
1421
15
3244
2921
1996
1116
2961
29
2131
26
837
1266
3108
2765
140
2920
2737
3027
760
3255
767
2166
446
199
720
184
2501
1049
2214
2511
344
837
2192
818
1888
3254
2874
46
2615
60
770
2398
3093
152
2056
1495
285
2895
3178
1216
1544
416
3304
2609
1569
2723
998
173
2836
1185
1429
1790
3201
2528
2788
1825
918
1197
2035
2497
3260
497
2176
2148
1100
1029
2652
3110
3188
529
1552
2598
2878
1322
3073
2978
1253
1203
621
2812
1609
1024
2795
1302
2056
119
1395
1066
1163
2870
2112
1459
2095
65
497
1922
97
1326
2262
2896
1403
2354
216
867
1336
1466
3052
831
3508
2130
118
1218
3312
1753
1809
2174
2695
560
110
2114
236
683
1575
1442
867
1758
319
3243
1732
2051
1603
1055
1510
2892
3495
1112
133
2804
3409
1685
2299
2057
2283
1166
3209
1731
3258
806
1219
2690
2665
3111
846
949
1625
1741
3493
3005
3110
1971
1864
3347
2268
1934
1492
1353
35
874
1616
2109
2918
3281
2515
931
369
983
3150
578
2173
736
3211
348
1770
2632
2455
277
2965
2979
2073
2060
3212
1648
1064
3424
3138
3461
466
1918
3593
141
2673
1020
1434
58
3652
980
3154
2972
2466
1038
1243
1704
2251
2922
2989
1750
1942
2354
294
389
1758
478
3417
348
2607
2192
1804
1923
80
2771
52
2175
1241
3252
2017
356
1005
3277
417
2391
1903
3060
1012
1620
2366
2079
2099
1724
2594
2037
3610
2674
3256
943
3686
443
2942
2496
825
2895
40
3145
367
3023
3341
97
2900
855
674
3740
155
555
3413
2004
1360
2033
2555
2603
2688
1208
3566
1719
3561
3441
196
262
3420
3667
2286
334
2107
1573
3856
1521
156
1182
1078
1705
1054
3718
712
245
2893
3196
2063
1612
591
504
1588
2894
2443
2418
397
421
946
1577
18
3108
2074
2993
2458
1810
1625
2264
1783
2539
2487
2003
1268
2469
667
1616
2672
882
1566
2290
2144
2508
951
1214
979
3245
3729
3821
1633
2407
3191
1659
3344
1079
1559
2120
2984
2951
1720
645
2728
832
3455
2327
2562
110
726
705
1515
2191
1740
2366
3273
2831
460
359
1076
797
447
2061
3956
2568
3559
3272
1621
499
2128
2967
3049
2138
2108
3883
451
3728
2989
1154
701
2654
1150
1466
3099
877
1026
2419
1110
1276
1261
2718
1968
608
3317
3286
2344
2859
1251
1340
2585
2393
1141
2412
167
1138
1844
4033
3156
524
2009
3602
853
93
3351
1841
2382
1308
3908
3617
508
3557
457
4092
2016
788
2514
2379
2327
342
1704
3641
3843
3795
4084
2878
2678
186
446
1757
2246
3683
2711
2156
561
3701
2622
2109
136
2821
3056
3224
949
421
3915
3266
1579
3541
3708
3665
3643
2103
2735
2126
3316
709
2223
2484
1762
2428
2877
2817
980
3538
383
3826
1441
1262
3811
210
1120
1547
3754
137
349
3309
3964
98
1410
2346
4267
2118
3865
55
3137
976
3209
4218
2664
256
2390
2217
2003
3161
2254
1328
325
360
780
2873
2092
44
1461
2437
3838
2244
3860
2921
1344
901
4324
2467
4148
3239
180
3185
2783
3145
2302
2516
1466
3630
2960
1937
2128
2568
3922
4187
3922
1915
3563
3001
739
1849
3433
1790
3884
3979
2224
2563
3505
1813
1022
461
4033
2389
836
2166
1350
1716
2574
3470
444
4059
627
600
123
2167
2484
771
3278
364
2840
636
2719
2128
2759
2194
4095
4065
1243
962
3100
3750
1581
2472
1719
1974
162
2291
3657
893
381
3617
2989
2269
2079
867
3849
1516
6
2938
2594
1869
403
2860
1452
3858
3303
1816
3977
2007
4376
3679
3975
3577
4393
3351
1937
1729
1268
1059
2733
1382
44
1451
234
1978
3674
37
851
626
144
1156
2661
1264
1371
3425
3056
348
794
3326
3840
3490
1339
2103
1537
2427
1563
2466
3667
3517
3576
1948
2981
3149
2108
3932
3133
2760
2886
1104
2878
1481
4488
3901
3227
795
4349
1117
1314
3236
1280
2798
2968
1347
3297
2658
2038
1629
958
1162
1212
3411
2970
100
2373
1648
531
289
3545
1609
4157
1620
2332
36
2833
3315
3785
2660
4512
2561
3954
3458
510
3754
1608
3252
4718
1062
545
1096
4227
3354
2264
2738
1071
4508
249
1520
4271
4632
2094
4558
965
1166
1365
4073
3247
59
4561
1919
1855
2258
1522
3536
2555
2686
242
4776
1586
3282
3962
4723
1156
3816
3591
1262
2748
4566
1882
3257
2221
3905
1712
105
2169
4818
597
4098
3402
1006
4652
2192
1196
1235
2604
2113
4674
668
2574
2736
1600
1242
2175
2369
936
273
3825
4097
3393
2617
4607
3807
1252
312
3656
1064
2163
2398
1351
1429
2683
1584
3865
1559
3299
589
856
481
4824
3356
4328
1188
118
1519
512
822
511
237
980
2643
318
4236
775
757
958
4012
2101
3141
2357
4309
10
3841
3165
2775
1203
4297
3684
3302
4305
2700
2988
4164
2447
3241
3738
3868
4808
2447
3484
3211
1486
1342
1798
4084
3193
4241
4466
2750
983
4587
864
2489
4702
1820
1898
2950
136
2250
3815
4709
1690
3678
14
163
156
2233
3055
2388
4170
950
343
2218
2888
201
3778
482
1047
3414
3290
2135
1730
4698
4613
3164
169
194
618
1016
636
1033
4683
768
3010
1128
4306
2275
4672
2984
942
2250
3322
471
2427
4573
3591
610
4755
2129
3885
775
2293
800
4133
508
4549
2682
1124
1302
3515
478
1912
2798
652
5036
2406
5153
3003
122
2838
4083
1502
2398
2853
1279
5010
3835
878
1853
2288
2113
1626
2594
3793
98
548
606
2378
411
3642
1376
625
483
3906
3609
3268
408
1069
3419
1085
172
2768
1013
2160
3602
2391
1902
2016
3132
380
378
1208
3278
3948
2107
334
2848
2370
2612
935
1454
426
264
2220
789
814
301
1700
1368
3330
2487
4881
4672
523
40
4202
973
895
663
4340
281
4833
2030
1844
4522
1882
1117
4694
1385
2746
4244
1011
670
573
3241
754
4249
1436
5041
4016
464
4339
1067
1093
3396
4657
79
429
1072
2713
148
2591
2401
1539
368
5016
1124
3423
41
4165
385
2843
4447
4580
4835
4772
2719
3386
3719
3511
4699
861
5043
4617
2784
459
5068
3819
485
1750
2643
4618
4431
915
3113
4363
5003
480
5205
1083
2757
1220
4788
2011
2257
3706
11960
7083
12282
11189
12869
